1000.000000 0.000011 
1064.785978 0.000012 
1133.769179 0.000009 
1207.221523 0.000012 
1285.432550 0.000015 
1368.710555 0.000031 
1457.383807 0.000012 
1551.801842 0.000016 
1652.336841 0.000025 
1759.385099 0.000025 
1873.368583 0.000027 
1994.736599 0.000014 
2123.967560 0.000033 
2261.570875 0.000030 
2408.088956 0.000031 
2564.099353 0.000022 
2730.217037 0.000023 
2907.096818 0.000033 
3095.435927 0.000047 
3295.976771 0.000022 
3509.509849 0.000050 
3736.876876 0.000074 
3978.974098 0.000060 
4236.755826 0.000052 
4511.238195 0.000069 
4803.503173 0.000061 
5114.702823 0.000077 
5446.063847 0.000083 
5798.892418 0.000084 
6174.579334 0.000069 
6574.605494 0.000116 
7000.547739 0.000090 
7454.085070 0.000061 
7937.005260 0.000087 
8451.211907 0.000133 
8998.731934 0.000138 
9581.723581 0.000150 
10202.484913 0.000164 
10863.462874 0.000088 
11567.262939 0.000185 
12316.659379 0.000194 
13114.606200 0.000222 
13964.248787 0.000160 
14868.936299 0.000165 
15832.234876 0.000272 
16857.941694 0.000263 
17950.099931 0.000274 
19113.014707 0.000247 
20351.270054 0.000538 
21669.746984 0.000221 
23073.642732 0.000317 
24568.491238 0.000318 
26160.184967 0.000408 
27854.998130 0.000330 
29659.611421 0.000444 
31581.138349 0.000427 
33627.153277 0.000257 
35805.721284 0.000253 
38125.429949 0.000640 
40595.423208 0.000534 
43225.437396 0.000628 
46025.839624 0.000476 
49007.668649 0.001076 
52182.678384 0.001121 
55563.384228 0.001164 
59163.112406 0.001168 
62996.052495 0.001057 
67077.313355 0.000929 
71422.982690 0.001152 
76050.190463 0.001115 
80977.176415 0.001326 
86223.361971 0.001257 
91809.426787 0.001551 
97757.390275 0.001197 
104090.698394 0.001343 
110834.316071 0.001681 
118014.825615 0.001361 
125660.531490 0.002090 
133801.571896 0.001570 
142470.037566 0.001953 
151700.098260 0.002512 
161528.137461 0.002524 
171992.895793 0.001642 
183135.623725 0.000839 
195000.244183 0.003246 
207633.525678 0.003373 
221085.266668 0.002063 
235408.491851 0.001186 
250659.661184 0.002920 
266898.892435 0.003756 
284190.198161 0.002588 
302601.738037 0.001480 
322206.087526 0.002451 
343080.523967 0.005565 
365307.331185 0.004573 
388974.123842 0.002501 
414174.192803 0.007089 
441006.872872 0.001590 
469577.934358 0.006743 
