1000.000000     0.000010 
1064.785978     0.000010 
1133.769179     0.000012 
1207.221523     0.000012 
1285.432550     0.000013 
1368.710555     0.000014 
1457.383807     0.000015 
1551.801842     0.000015 
1652.336841     0.000017 
1759.385099     0.000017 
1873.368583     0.000019 
1994.736599     0.000020 
2123.967560     0.000022 
2261.570875     0.000023 
2408.088956     0.000024 
2564.099353     0.000026 
2730.217037     0.000027 
2907.096818     0.000029 
3095.435927     0.000030 
3295.976771     0.000032 
3509.509849     0.000034 
3736.876876     0.000042 
3978.974098     0.000039 
4236.755826     0.000042 
4511.238195     0.000044 
4803.503173     0.000046 
5114.702823     0.000050 
5446.063847     0.000053 
5798.892418     0.000056 
6174.579334     0.000060 
6574.605494     0.000062 
7000.547739     0.000068 
7454.085070     0.000073 
7937.005260     0.000076 
8451.211907     0.000080 
8998.731934     0.000086 
9581.723581     0.000093 
10202.484913    0.000098 
10863.462874    0.000107 
11567.262939    0.000109 
12316.659379    0.000119 
13114.606200    0.000125 
13964.248787    0.000132 
14868.936299    0.000140 
15832.234876    0.000149 
16857.941694    0.000159 
17950.099931    0.000171 
19113.014707    0.000178 
20351.270054    0.000193 
21669.746984    0.000204 
23073.642732    0.000217 
24568.491238    0.000230 
26160.184967    0.000246 
27854.998130    0.000257 
29659.611421    0.000277 
31581.138349    0.000299 
33627.153277    0.000315 
35805.721284    0.000336 
38125.429949    0.000358 
40595.423208    0.000377 
43225.437396    0.000399 
46025.839624    0.000433 
49007.668649    0.000453 
52182.678384    0.000486 
55563.384228    0.000520 
59163.112406    0.000551 
62996.052495    0.000586 
67077.313355    0.000628 
71422.982690    0.000666 
76050.190463    0.000708 
80977.176415    0.000756 
86223.361971    0.000806 
91809.426787    0.000855 
97757.390275    0.000910 
104090.698394   0.000979 
110834.316071   0.001039 
118014.825615   0.001097 
125660.531490   0.001181 
133801.571896   0.001254 
142470.037566   0.001315 
151700.098260   0.001399 
161528.137461   0.001520 
171992.895793   0.001600 
183135.623725   0.001694 
195000.244183   0.001815 
207633.525678   0.001924 
221085.266668   0.002075 
235408.491851   0.002181 
250659.661184   0.002332 
266898.892435   0.002511 
284190.198161   0.002663 
302601.738037   0.002828 
322206.087526   0.003001 
343080.523967   0.003180 
365307.331185   0.003447 
388974.123842   0.003607 
414174.192803   0.003828 
441006.872872   0.004111 
469577.934358   0.004346 
