1000,000000     0,000011 
1064,785978     0,000012 
1133,769179     0,000008 
1207,221523     0,000011 
1285,432550     0,000015 
1368,710555     0,000019 
1457,383807     0,000012 
1551,801842     0,000015 
1652,336841     0,000025 
1759,385099     0,000025 
1873,368583     0,000026 
1994,736599     0,000014 
2123,967560     0,000033 
2261,570875     0,000027 
2408,088956     0,000028 
2564,099353     0,000022 
2730,217037     0,000024 
2907,096818     0,000035 
3095,435927     0,000043 
3295,976771     0,000020 
3509,509849     0,000048 
3736,876876     0,000061 
3978,974098     0,000059 
4236,755826     0,000047 
4511,238195     0,000065 
4803,503173     0,000060 
5114,702823     0,000063 
5446,063847     0,000080 
5798,892418     0,000084 
6174,579334     0,000067 
6574,605494     0,000108 
7000,547739     0,000090 
7454,085070     0,000051 
7937,005260     0,000082 
8451,211907     0,000127 
8998,731934     0,000119 
9581,723581     0,000136 
10202,484913    0,000159 
10863,462874    0,000090 
11567,262939    0,000172 
12316,659379    0,000190 
13114,606200    0,000206 
13964,248787    0,000153 
14868,936299    0,000161 
15832,234876    0,000250 
16857,941694    0,000260 
17950,099931    0,000264 
19113,014707    0,000243 
20351,270054    0,000267 
21669,746984    0,000142 
23073,642732    0,000302 
24568,491238    0,000253 
26160,184967    0,000453 
27854,998130    0,000280 
29659,611421    0,000480 
31581,138349    0,000467 
33627,153277    0,000289 
35805,721284    0,000286 
38125,429949    0,000621 
40595,423208    0,000655 
43225,437396    0,000642 
46025,839624    0,000500 
49007,668649    0,000878 
52182,678384    0,000806 
55563,384228    0,000857 
59163,112406    0,001209 
62996,052495    0,000870 
67077,313355    0,000803 
71422,982690    0,001060 
76050,190463    0,000961 
80977,176415    0,001660 
86223,361971    0,001196 
91809,426787    0,001430 
97757,390275    0,001150 
104090,698394   0,001302 
110834,316071   0,001543 
118014,825615   0,004267 
125660,531490   0,001791 
133801,571896   0,001498 
142470,037566   0,002005 
151700,098260   0,002372 
161528,137461   0,002225 
171992,895793   0,001558 
183135,623725   0,000775 
195000,244183   0,003083 
207633,525678   0,003125 
221085,266668   0,001651 
235408,491851   0,000929 
250659,661184   0,002756 
266898,892435   0,003319 
284190,198161   0,002189 
302601,738037   0,001338 
322206,087526   0,002284 
343080,523967   0,005082 
365307,331185   0,005289 
388974,123842   0,002294 
414174,192803   0,013235 
441006,872872   0,001517 
469577,934358   0,011449 
