1000,000000     0,000146 
1064,785978     0,000091 
1133,769179     0,000105 
1207,221523     0,000068 
1285,432550     0,000112 
1368,710555     0,000102 
1457,383807     0,000111 
1551,801842     0,000127 
1652,336841     0,000117 
1759,385099     0,000105 
1873,368583     0,000155 
1994,736599     0,000081 
2123,967560     0,000101 
2261,570875     0,000210 
2408,088956     0,000222 
2564,099353     0,000133 
2730,217037     0,000110 
2907,096818     0,000182 
3095,435927     0,000281 
3295,976771     0,000165 
3509,509849     0,000277 
3736,876876     0,000200 
3978,974098     0,000374 
4236,755826     0,000233 
4511,238195     0,000262 
4803,503173     0,000200 
5114,702823     0,000312 
5446,063847     0,000763 
5798,892418     0,000305 
6174,579334     0,000408 
6574,605494     0,000512 
7000,547739     0,000506 
7454,085070     0,000508 
7937,005260     0,000725 
8451,211907     0,000654 
8998,731934     0,000626 
9581,723581     0,000641 
10202,484913    0,000577 
10863,462874    0,000856 
11567,262939    0,001020 
12316,659379    0,001117 
13114,606200    0,000686 
13964,248787    0,003147 
14868,936299    0,000911 
15832,234876    0,001228 
16857,941694    0,001170 
17950,099931    0,001493 
19113,014707    0,000986 
20351,270054    0,000907 
21669,746984    0,000992 
23073,642732    0,001386 
24568,491238    0,001036 
26160,184967    0,001409 
27854,998130    0,001227 
29659,611421    0,000890 
31581,138349    0,001451 
33627,153277    0,000598 
35805,721284    0,001244 
38125,429949    0,001448 
40595,423208    0,001112 
43225,437396    0,000684 
46025,839624    0,001512 
49007,668649    0,000637 
52182,678384    0,001519 
55563,384228    0,001627 
59163,112406    0,001354 
62996,052495    0,000958 
67077,313355    0,001586 
71422,982690    0,001218 
76050,190463    0,001616 
80977,176415    0,001525 
86223,361971    0,001907 
91809,426787    0,001312 
97757,390275    0,001951 
104090,698394   0,001892 
110834,316071   0,001257 
118014,825615   0,001624 
125660,531490   0,000900 
133801,571896   0,001573 
142470,037566   0,001114 
151700,098260   0,001225 
161528,137461   0,001829 
171992,895793   0,002875 
183135,623725   0,001494 
195000,244183   0,003332 
207633,525678   0,002417 
221085,266668   0,001429 
235408,491851   0,003446 
250659,661184   0,001792 
266898,892435   0,001760 
284190,198161   0,004296 
302601,738037   0,004705 
322206,087526   0,004450 
343080,523967   0,003053 
365307,331185   0,001668 
388974,123842   0,002309 
414174,192803   0,001187 
441006,872872   0,002312 
469577,934358   0,005400 
