1000,000000     0,001397 
1064,785978     0,002176 
1133,769179     0,001534 
1207,221523     0,002305 
1285,432550     0,003025 
1368,710555     0,007154 
1457,383807     0,002536 
1551,801842     0,003335 
1652,336841     0,000218 
1759,385099     0,000161 
1873,368583     0,006947 
1994,736599     0,009631 
2123,967560     0,008313 
2261,570875     0,004094 
2408,088956     0,016574 
2564,099353     0,011966 
2730,217037     0,011918 
2907,096818     0,015310 
3095,435927     0,017473 
3295,976771     0,015761 
3509,509849     0,022265 
3736,876876     0,000051 
3978,974098     0,029264 
4236,755826     0,003264 
4511,238195     0,036681 
4803,503173     0,023095 
5114,702823     0,044543 
5446,063847     0,047820 
5798,892418     0,060407 
6174,579334     0,067006 
6574,605494     0,077528 
7000,547739     0,057023 
7454,085070     0,033684 
7937,005260     0,112873 
8451,211907     0,127764 
8998,731934     0,144709 
9581,723581     0,017902 
10202,484913    0,186694 
10863,462874    0,182686 
11567,262939    0,238872 
12316,659379    0,179333 
13114,606200    0,306807 
13964,248787    0,348077 
14868,936299    0,393660 
15832,234876    0,394840 
16857,941694    0,486288 
17950,099931    0,573136 
19113,014707    0,460710 
20351,270054    0,656190 
21669,746984    0,833823 
23073,642732    0,945272 
24568,491238    1,072546 
26160,184967    1,216481 
27854,998130    1,379848 
29659,611421    1,568801 
31581,138349    1,740197 
33627,153277    1,999795 
35805,721284    2,286164 
38125,429949    2,587008 
40595,423208    2,485408 
43225,437396    3,299629 
46025,839624    3,740506 
49007,668649    4,239345 
52182,678384    3,105134 
55563,384228    4,897889 
59163,112406    6,176100 
62996,052495    7,000091 
67077,313355    7,933668 
71422,982690    8,993639 
76050,190463    10,186584 
80977,176415    11,551293 
86223,361971    13,092786 
91809,426787    14,846762 
97757,390275    12,104001 
104090,698394   19,080213 
110834,316071   21,349380 
118014,825615   24,472349 
125660,531490   27,802746 
133801,571896   15,724597 
142470,037566   28,945915 
151700,098260   40,583107 
161528,137461   41,496462 
171992,895793   52,103621 
183135,623725   39,815505 
195000,244183   66,810319 
207633,525678   73,697277 
221085,266668   85,997142 
235408,491851   97,231198 
250659,661184   111,338835 
266898,892435   62,535443 
284190,198161   143,100254 
302601,738037   139,425289 
322206,087526   183,643873 
343080,523967   104,543353 
365307,331185   238,241060 
388974,123842   21,400769 
414174,192803   111,341395 
441006,872872   38,726299 
469577,934358   401,159507 
