1000.000000 0.000034 
1064.785978 0.000035 
1133.769179 0.000034 
1207.221523 0.000037 
1285.432550 0.000039 
1368.710555 0.000041 
1457.383807 0.000046 
1551.801842 0.000046 
1652.336841 0.000050 
1759.385099 0.000052 
1873.368583 0.000056 
1994.736599 0.000060 
2123.967560 0.000061 
2261.570875 0.000068 
2408.088956 0.000073 
2564.099353 0.000077 
2730.217037 0.000081 
2907.096818 0.000085 
3095.435927 0.000091 
3295.976771 0.000098 
3509.509849 0.000111 
3736.876876 0.000109 
3978.974098 0.000120 
4236.755826 0.000126 
4511.238195 0.000136 
4803.503173 0.000140 
5114.702823 0.000152 
5446.063847 0.000159 
5798.892418 0.000172 
6174.579334 0.000181 
6574.605494 0.000194 
7000.547739 0.000205 
7454.085070 0.000216 
7937.005260 0.000218 
8451.211907 0.000231 
8998.731934 0.000242 
9581.723581 0.000257 
10202.484913 0.000269 
10863.462874 0.000289 
11567.262939 0.000311 
12316.659379 0.000332 
13114.606200 0.000351 
13964.248787 0.000376 
14868.936299 0.000390 
15832.234876 0.000421 
16857.941694 0.000449 
17950.099931 0.000488 
19113.014707 0.000488 
20351.270054 0.000495 
21669.746984 0.000606 
23073.642732 0.000557 
24568.491238 0.000595 
26160.184967 0.000721 
27854.998130 0.000667 
29659.611421 0.000711 
31581.138349 0.000766 
33627.153277 0.000771 
35805.721284 0.000839 
38125.429949 0.000886 
40595.423208 0.000993 
43225.437396 0.001007 
46025.839624 0.001169 
49007.668649 0.001142 
52182.678384 0.001200 
55563.384228 0.001289 
59163.112406 0.001370 
62996.052495 0.001810 
67077.313355 0.001731 
71422.982690 0.001667 
76050.190463 0.001777 
80977.176415 0.001837 
86223.361971 0.002016 
91809.426787 0.002146 
97757.390275 0.002319 
104090.698394 0.002373 
110834.316071 0.002545 
118014.825615 0.002721 
125660.531490 0.002923 
133801.571896 0.003580 
142470.037566 0.003371 
151700.098260 0.003519 
161528.137461 0.003811 
171992.895793 0.004521 
183135.623725 0.004297 
195000.244183 0.004501 
207633.525678 0.005203 
221085.266668 0.005265 
235408.491851 0.005913 
250659.661184 0.006285 
266898.892435 0.006615 
284190.198161 0.006539 
302601.738037 0.008049 
322206.087526 0.007388 
343080.523967 0.008258 
365307.331185 0.008708 
388974.123842 0.009340 
414174.192803 0.010301 
441006.872872 0.010300 
469577.934358 0.011417 
