1000,000000     0,002272 
1064,785978     0,002080 
1133,769179     0,002361 
1207,221523     0,002668 
1285,432550     0,003320 
1368,710555     0,003435 
1457,383807     0,004017 
1551,801842     0,004387 
1652,336841     0,005466 
1759,385099     0,005651 
1873,368583     0,006781 
1994,736599     0,008289 
2123,967560     0,008743 
2261,570875     0,009610 
2408,088956     0,010855 
2564,099353     0,012125 
2730,217037     0,014206 
2907,096818     0,015785 
3095,435927     0,017937 
3295,976771     0,020601 
3509,509849     0,022647 
3736,876876     0,027074 
3978,974098     0,029499 
4236,755826     0,033100 
4511,238195     0,038779 
4803,503173     0,042201 
5114,702823     0,048485 
5446,063847     0,054781 
5798,892418     0,061270 
6174,579334     0,070115 
6574,605494     0,078519 
7000,547739     0,089082 
7454,085070     0,102316 
7937,005260     0,114481 
8451,211907     0,131111 
8998,731934     0,146470 
9581,723581     0,166876 
10202,484913    0,190955 
10863,462874    0,215359 
11567,262939    0,242931 
12316,659379    0,275830 
13114,606200    0,310429 
13964,248787    0,352161 
14868,936299    0,398754 
15832,234876    0,453053 
16857,941694    0,514846 
17950,099931    0,582842 
19113,014707    0,662119 
20351,270054    0,751014 
21669,746984    0,850638 
23073,642732    0,965492 
24568,491238    1,102602 
26160,184967    1,281274 
27854,998130    1,390777 
29659,611421    1,584728 
31581,138349    1,772750 
33627,153277    2,002950 
35805,721284    2,271853 
38125,429949    2,595655 
40595,423208    2,932803 
43225,437396    3,320440 
46025,839624    3,752160 
49007,668649    4,290363 
52182,678384    4,853873 
55563,384228    5,512232 
59163,112406    6,207012 
62996,052495    7,016527 
67077,313355    7,952922 
71422,982690    9,024352 
76050,190463    10,190393 
80977,176415    11,565357 
86223,361971    13,117910 
91809,426787    14,762684 
97757,390275    16,737712 
104090,698394   18,950759 
110834,316071   21,481889 
118014,825615   24,371064 
125660,531490   27,603340 
133801,571896   31,312004 
142470,037566   35,473496 
151700,098260   40,234732 
161528,137461   45,636961 
171992,895793   51,703782 
183135,623725   58,617148 
195000,244183   66,454619 
207633,525678   75,337948 
221085,266668   85,408642 
235408,491851   97,139913 
250659,661184   110,320644 
266898,892435   124,408751 
284190,198161   141,225413 
302601,738037   160,270102 
322206,087526   181,899681 
343080,523967   205,538322 
365307,331185   233,764706 
388974,123842   265,095425 
414174,192803   300,098312 
441006,872872   340,090943 
469577,934358   390,829203 
