1000,000000     0,000608 
1064,785978     0,001793 
1133,769179     0,002320 
1207,221523     0,002655 
1285,432550     0,002996 
1368,710555     0,003447 
1457,383807     0,003858 
1551,801842     0,004336 
1652,336841     0,004984 
1759,385099     0,005610 
1873,368583     0,006339 
1994,736599     0,007231 
2123,967560     0,008213 
2261,570875     0,005645 
2408,088956     0,010323 
2564,099353     0,001990 
2730,217037     0,005017 
2907,096818     0,006640 
3095,435927     0,017262 
3295,976771     0,019416 
3509,509849     0,022118 
3736,876876     0,025089 
3978,974098     0,028399 
4236,755826     0,028786 
4511,238195     0,036422 
4803,503173     0,022535 
5114,702823     0,046684 
5446,063847     0,052911 
5798,892418     0,060203 
6174,579334     0,067908 
6574,605494     0,077059 
7000,547739     0,026452 
7454,085070     0,084352 
7937,005260     0,110861 
8451,211907     0,126833 
8998,731934     0,143686 
9581,723581     0,102391 
10202,484913    0,163297 
10863,462874    0,154350 
11567,262939    0,072781 
12316,659379    0,269694 
13114,606200    0,304412 
13964,248787    0,331023 
14868,936299    0,303507 
15832,234876    0,443094 
16857,941694    0,502595 
17950,099931    0,568962 
19113,014707    0,586968 
20351,270054    0,037508 
21669,746984    0,828718 
23073,642732    0,698360 
24568,491238    1,026358 
26160,184967    1,206908 
27854,998130    0,472624 
29659,611421    1,550618 
31581,138349    1,758101 
33627,153277    1,995562 
35805,721284    2,267297 
38125,429949    2,565255 
40595,423208    1,216547 
43225,437396    3,289984 
46025,839624    3,732252 
49007,668649    4,223472 
52182,678384    0,764627 
55563,384228    5,410839 
59163,112406    2,415383 
62996,052495    6,986240 
67077,313355    7,923278 
71422,982690    3,187845 
76050,190463    10,170002 
80977,176415    8,935451 
86223,361971    13,069719 
91809,426787    14,802576 
97757,390275    1,854041 
104090,698394   10,214846 
110834,316071   21,553708 
118014,825615   17,395763 
125660,531490   19,548244 
133801,571896   9,993104 
142470,037566   34,472613 
151700,098260   30,989196 
161528,137461   45,980592 
171992,895793   52,213580 
183135,623725   59,169739 
195000,244183   65,262909 
207633,525678   68,409430 
221085,266668   85,979634 
235408,491851   48,974441 
250659,661184   51,970280 
266898,892435   125,165943 
284190,198161   131,381327 
302601,738037   109,165286 
322206,087526   181,917523 
343080,523967   206,166866 
365307,331185   54,033094 
388974,123842   265,625985 
414174,192803   144,813388 
441006,872872   169,478247 
469577,934358   393,399488 
