1.000000 0.001052 
2.000000 0.001052 
3.000000 0.001052 
4.000000 0.001052 
5.000000 0.001052 
6.000000 0.001052 
7.000000 0.001052 
8.000000 0.001052 
9.000000 0.001052 
10.000000 0.001052 
11.000000 0.001052 
12.000000 0.001052 
13.000000 0.001052 
14.000000 0.001052 
15.000000 0.001052 
16.000000 0.001052 
17.000000 0.001052 
18.000000 0.001052 
19.000000 0.001052 
20.000000 0.001052 
21.000000 0.001052 
22.000000 0.001052 
23.000000 0.001052 
24.000000 0.001052 
25.000000 0.001052 
26.000000 0.001052 
27.000000 0.001052 
28.000000 0.001052 
29.000000 0.001052 
30.000000 0.001052 
31.000000 0.001052 
32.000000 0.001052 
33.000000 0.001052 
34.000000 0.001052 
35.000000 0.001052 
36.000000 0.001052 
37.000000 0.001052 
38.000000 0.001052 
39.000000 0.001052 
40.000000 0.001052 
41.000000 0.001052 
42.000000 0.001052 
43.000000 0.001052 
44.000000 0.001052 
45.000000 0.001052 
46.000000 0.001052 
47.000000 0.001052 
48.000000 0.001052 
49.000000 0.001052 
50.000000 0.001052 
51.000000 0.001052 
52.000000 0.001052 
53.000000 0.001052 
54.000000 0.001052 
55.000000 0.001052 
56.000000 0.001052 
57.000000 0.001052 
58.000000 0.001052 
59.000000 0.001052 
60.000000 0.001052 
61.000000 0.001052 
62.000000 0.001052 
63.000000 0.001052 
64.000000 0.001052 
65.000000 0.001052 
66.000000 0.001052 
67.000000 0.001052 
68.000000 0.001052 
69.000000 0.001052 
70.000000 0.001052 
71.000000 0.001052 
72.000000 0.001052 
73.000000 0.001052 
74.000000 0.001052 
75.000000 0.001052 
76.000000 0.001052 
77.000000 0.001052 
78.000000 0.001052 
79.000000 0.001052 
80.000000 0.001052 
81.000000 0.001052 
82.000000 0.001052 
83.000000 0.001052 
84.000000 0.001052 
85.000000 0.001052 
86.000000 0.001052 
87.000000 0.001052 
88.000000 0.001052 
89.000000 0.001052 
90.000000 0.001052 
91.000000 0.001052 
92.000000 0.001052 
93.000000 0.001052 
94.000000 0.001052 
95.000000 0.001052 
96.000000 0.001052 
97.000000 0.001052 
98.000000 0.001052 
99.000000 0.001052 
