1.000000 0.000484 
2.000000 0.000484 
3.000000 0.000484 
4.000000 0.000484 
5.000000 0.000484 
6.000000 0.000484 
7.000000 0.000484 
8.000000 0.000484 
9.000000 0.000484 
10.000000 0.000484 
11.000000 0.000484 
12.000000 0.000484 
13.000000 0.000484 
14.000000 0.000484 
15.000000 0.000484 
16.000000 0.000484 
17.000000 0.000484 
18.000000 0.000484 
19.000000 0.000484 
20.000000 0.000484 
21.000000 0.000484 
22.000000 0.000484 
23.000000 0.000484 
24.000000 0.000484 
25.000000 0.000484 
26.000000 0.000484 
27.000000 0.000484 
28.000000 0.000484 
29.000000 0.000484 
30.000000 0.000484 
31.000000 0.000484 
32.000000 0.000484 
33.000000 0.000484 
34.000000 0.000484 
35.000000 0.000484 
36.000000 0.000484 
37.000000 0.000484 
38.000000 0.000484 
39.000000 0.000484 
40.000000 0.000484 
41.000000 0.000484 
42.000000 0.000484 
43.000000 0.000484 
44.000000 0.000484 
45.000000 0.000484 
46.000000 0.000484 
47.000000 0.000484 
48.000000 0.000484 
49.000000 0.000484 
50.000000 0.000484 
51.000000 0.000484 
52.000000 0.000484 
53.000000 0.000484 
54.000000 0.000484 
55.000000 0.000484 
56.000000 0.000484 
57.000000 0.000484 
58.000000 0.000484 
59.000000 0.000484 
60.000000 0.000484 
61.000000 0.000484 
62.000000 0.000484 
63.000000 0.000484 
64.000000 0.000484 
65.000000 0.000484 
66.000000 0.000484 
67.000000 0.000484 
68.000000 0.000484 
69.000000 0.000484 
70.000000 0.000484 
71.000000 0.000484 
72.000000 0.000484 
73.000000 0.000484 
74.000000 0.000484 
75.000000 0.000484 
76.000000 0.000484 
77.000000 0.000484 
78.000000 0.000484 
79.000000 0.000484 
80.000000 0.000484 
81.000000 0.000484 
82.000000 0.000484 
83.000000 0.000484 
84.000000 0.000484 
85.000000 0.000484 
86.000000 0.000484 
87.000000 0.000484 
88.000000 0.000484 
89.000000 0.000484 
90.000000 0.000484 
91.000000 0.000484 
92.000000 0.000484 
93.000000 0.000484 
94.000000 0.000484 
95.000000 0.000484 
96.000000 0.000484 
97.000000 0.000484 
98.000000 0.000484 
99.000000 0.000484 
