1 57667.000000 
2 62108.000000 
3 67546.000000 
4 67853.000000 
5 73599.000000 
6 76889.000000 
7 81517.000000 
8 86196.000000 
9 93060.000000 
10 102341.000000 
11 117931.000000 
12 120554.000000 
13 120608.000000 
14 138410.000000 
15 51137.000000 
16 29257.000000 
17 34536.000000 
18 51690.000000 
19 74406.000000 
20 66071.000000 
21 62289.000000 
22 82219.000000 
23 41843.000000 
24 46575.000000 
25 47008.000000 
26 84223.000000 
27 72769.000000 
28 97055.000000 
29 96784.000000 
30 108035.000000 
31 123122.000000 
32 128990.000000 
33 131015.000000 
34 139854.000000 
35 139718.000000 
36 167538.000000 
37 168181.000000 
38 179707.000000 
39 192298.000000 
40 198534.000000 
41 205583.000000 
42 214675.000000 
43 267019.000000 
44 202116.000000 
45 192453.000000 
46 245284.000000 
47 366553.000000 
48 273201.000000 
49 230066.000000 
50 306915.000000 
51 302833.000000 
52 330736.000000 
53 294322.000000 
54 560020.000000 
55 431891.000000 
56 370407.000000 
57 430889.000000 
58 460565.000000 
59 432778.000000 
60 462620.000000 
61 505496.000000 
62 542207.000000 
63 555973.000000 
64 611653.000000 
65 675030.000000 
66 695426.000000 
67 677015.000000 
68 703124.000000 
69 748300.000000 
70 796751.000000 
71 784523.000000 
72 851985.000000 
73 987578.000000 
74 1146459.000000 
75 1166345.000000 
76 1185890.000000 
77 1173746.000000 
78 1554280.000000 
79 1616865.000000 
80 1494962.000000 
81 1473902.000000 
82 1804579.000000 
83 1994712.000000 
84 1840388.000000 
85 2071367.000000 
86 2186854.000000 
87 2461533.000000 
88 2799925.000000 
89 2788424.000000 
90 3080641.000000 
91 3064715.000000 
92 3454202.000000 
93 3344003.000000 
94 3859289.000000 
95 4220045.000000 
96 4640299.000000 
97 4718251.000000 
98 4652956.000000 
99 4919916.000000 
