1.000000 0.000768 
2.000000 0.000768 
3.000000 0.000768 
4.000000 0.000768 
5.000000 0.000768 
6.000000 0.000768 
7.000000 0.000768 
8.000000 0.000768 
9.000000 0.000768 
10.000000 0.000768 
11.000000 0.000768 
12.000000 0.000768 
13.000000 0.000768 
14.000000 0.000768 
15.000000 0.000768 
16.000000 0.000768 
17.000000 0.000768 
18.000000 0.000768 
19.000000 0.000768 
20.000000 0.000768 
21.000000 0.000768 
22.000000 0.000768 
23.000000 0.000768 
24.000000 0.000768 
25.000000 0.000768 
26.000000 0.000768 
27.000000 0.000768 
28.000000 0.000768 
29.000000 0.000768 
30.000000 0.000768 
31.000000 0.000768 
32.000000 0.000768 
33.000000 0.000768 
34.000000 0.000768 
35.000000 0.000768 
36.000000 0.000768 
37.000000 0.000768 
38.000000 0.000768 
39.000000 0.000768 
40.000000 0.000768 
41.000000 0.000768 
42.000000 0.000768 
43.000000 0.000768 
44.000000 0.000768 
45.000000 0.000768 
46.000000 0.000768 
47.000000 0.000768 
48.000000 0.000768 
49.000000 0.000768 
50.000000 0.000768 
51.000000 0.000768 
52.000000 0.000768 
53.000000 0.000768 
54.000000 0.000768 
55.000000 0.000768 
56.000000 0.000768 
57.000000 0.000768 
58.000000 0.000768 
59.000000 0.000768 
60.000000 0.000768 
61.000000 0.000768 
62.000000 0.000768 
63.000000 0.000768 
64.000000 0.000768 
65.000000 0.000768 
66.000000 0.000768 
67.000000 0.000768 
68.000000 0.000768 
69.000000 0.000768 
70.000000 0.000768 
71.000000 0.000768 
72.000000 0.000768 
73.000000 0.000768 
74.000000 0.000768 
75.000000 0.000768 
76.000000 0.000768 
77.000000 0.000768 
78.000000 0.000768 
79.000000 0.000768 
80.000000 0.000768 
81.000000 0.000768 
82.000000 0.000768 
83.000000 0.000768 
84.000000 0.000768 
85.000000 0.000768 
86.000000 0.000768 
87.000000 0.000768 
88.000000 0.000768 
89.000000 0.000768 
90.000000 0.000768 
91.000000 0.000768 
92.000000 0.000768 
93.000000 0.000768 
94.000000 0.000768 
95.000000 0.000768 
96.000000 0.000768 
97.000000 0.000768 
98.000000 0.000768 
99.000000 0.000768 
